0 0 0 0 0 0 0 0 0 0 0 0 0 0 0 0 0 0 0 0 0 0 0 0 0 0 0 0 0 0 0 0 0 0 0 0 0 1 2754 23415 202 7756 916 7658 26977 3396 572 5507 32276 6409 416 10244 2993 14045 10809 46853 5043 1568 1336 51 41685 4956 50772 103
0 0 0 0 0 0 0 0 0 0 0 0 0 0 0 0 0 0 0 0 0 0 0 0 0 0 0 0 0 0 0 0 0 0 0 0 0 1 8455 3098 57359 20927 51917 55038 60878 21346 6871 19097 65059 26169 20891 18441 41188 62685 7176 56554 61186 18977 25807 93 33037 56992 28464 39228
0 0 0 0 0 0 0 0 0 0 0 0 0 0 0 0 0 0 0 0 0 0 0 0 0 0 0 0 0 0 0 0 0 0 0 0 0 0 7922 51600 31412 41830 8419 34429 58539 19780 44261 19514 31516 5515 40627 31030 35890 63764 49058 57688 3911 17610 51773 30796 59300 53808 63222 1608
0 0 0 0 0 0 0 0 0 0 0 0 0 0 0 0 0 0 0 0 0 0 0 0 0 0 0 0 0 0 0 0 0 0 0 0 0 0 6693 16975 37301 18546 22173 2658 15314 57921 65329 45220 21952 46117 36886 5035 2490 26650 1665 47415 29541 36589 46171 28337 47639 49221 703 16928
0 0 0 0 0 0 0 0 0 0 0 0 0 0 0 0 0 0 0 0 0 0 0 0 0 0 0 0 0 0 0 0 0 0 0 0 0 0 58617 43612 12708 20772 10957 30504 62133 52581 16365 34980 16050 1220 3442 9700 14453 15014 43719 34075 60769 15935 25365 37871 16144 48716 32231 4799
0 0 0 0 0 0 0 0 0 0 0 0 0 0 0 0 0 0 0 0 0 0 0 0 0 0 0 0 0 0 0 0 0 0 0 0 0 0 39129 55042 19458 43268 59028 13434 36013 62321 23343 53103 15399 34644 58908 12425 12800 8476 50311 7722 35162 32477 52371 37717 608 64389 35950 19226
0 0 0 0 0 0 0 0 0 0 0 0 0 0 0 0 0 0 0 0 0 0 0 0 0 0 0 0 0 0 0 0 0 0 0 0 0 0 10210 23848 13209 48162 29469 33043 44331 15708 62558 45218 9731 40721 6581 17185 31811 15355 27104 28669 64593 51378 15157 19829 63187 50096 64998 64065
0 0 0 0 0 0 0 0 0 0 0 0 0 0 0 0 0 0 0 0 0 0 0 0 0 0 0 0 0 0 0 0 0 0 0 0 0 0 9548 15013 41453 64218 45847 32770 56450 52121 61314 4210 50403 14566 25982 30264 53152 14859 538 22359 46628 1751 54109 22809 4353 27507 9042 32011
0 0 0 0 0 0 0 0 0 0 0 0 0 0 0 0 0 0 0 0 0 0 0 0 0 0 0 0 0 0 0 0 0 0 0 0 0 0 383 428 56565 38366 42390 36573 39258 42410 51828 29276 33330 49321 3661 16803 61119 36456 34798 56648 53125 5295 8036 63732 9550 60676 34396 41135
0 0 0 0 0 0 0 0 0 0 0 0 0 0 0 0 0 0 0 0 0 0 0 0 0 0 0 0 0 0 0 0 0 0 0 0 0 1 8783 54089 51995 10597 47628 22630 2013 21837 13468 28152 15510 42142 46397 33542 12132 61946 14967 50709 34080 11560 24855 20810 58204 40750 25286 53039
0 0 0 0 0 0 0 0 0 0 0 0 0 0 0 0 0 0 0 0 0 0 0 0 0 0 0 0 0 0 0 0 0 0 0 0 0 0 63444 39446 27443 33599 23108 37570 44418 1822 46377 4932 4087 52875 42301 26930 1106 51096 62742 15558 36355 61891 4121 3251 11448 40321 3776 63612
0 0 0 0 0 0 0 0 0 0 0 0 0 0 0 0 0 0 0 0 0 0 0 0 0 0 0 0 0 0 0 0 0 0 0 0 0 1 1382 55055 47762 52937 26533 33072 52400 3194 26641 57000 51076 33633 34932 31282 46213 31425 58472 43121 52659 57161 16029 47971 45320 46033 20923 43269
0 0 0 0 0 0 0 0 0 0 0 0 0 0 0 0 0 0 0 0 0 0 0 0 0 0 0 0 0 0 0 0 0 0 0 0 0 0 13055 43192 28601 73 30278 5371 45831 60579 30984 13603 30763 49587 3477 53570 32350 17465 51265 35959 46210 42676 27061 47745 22846 18563 65528 48020
0 0 0 0 0 0 0 0 0 0 0 0 0 0 0 0 0 0 0 0 0 0 0 0 0 0 0 0 0 0 0 0 0 0 0 0 0 0 21392 21158 43938 36442 63345 41762 46968 11006 56711 49907 60046 10379 24367 56008 43414 56384 16913 30660 36019 16963 33421 50812 45456 35788 56 40403
0 0 0 0 0 0 0 0 0 0 0 0 0 0 0 0 0 0 0 0 0 0 0 0 0 0 0 0 0 0 0 0 0 0 0 0 0 0 51715 21263 33509 35484 61000 38070 30655 21612 60810 14154 53148 60818 4787 5591 57566 41990 30128 27432 41450 50479 9590 29754 30098 65425 33236 62435
0 0 0 0 0 0 0 0 0 0 0 0 0 0 0 0 0 0 0 0 0 0 0 0 0 0 0 0 0 0 0 0 0 0 0 0 0 0 7025 61282 15457 7898 37631 51967 38871 41459 20351 40099 1188 19408 39247 46915 27885 9084 52431 23703 10601 12909 25035 57170 51134 60268 39078 4620
0 0 0 0 0 0 0 0 0 0 0 0 0 0 0 0 0 0 0 0 0 0 0 0 0 0 0 0 0 0 0 0 0 0 0 0 0 0 1651 9356 53703 20244 52831 9611 53115 47760 52205 20754 27465 12940 54352 36437 61980 10695 39750 23320 28819 24974 1474 5557 60538 33221 62353 24226
0 0 0 0 0 0 0 0 0 0 0 0 0 0 0 0 0 0 0 0 0 0 0 0 0 0 0 0 0 0 0 0 0 0 0 0 0 0 39807 27992 24625 21088 33893 38624 28623 48065 38934 39432 23395 62775 56665 52077 24155 53691 44196 19350 56194 29703 462 39228 11906 19880 50355 15360
0 0 0 0 0 0 0 0 0 0 0 0 0 0 0 0 0 0 0 0 0 0 0 0 0 0 0 0 0 0 0 0 0 0 0 0 0 0 49245 63295 37894 51266 37500 29342 2787 6627 11884 62035 19446 63504 4621 53426 50415 41340 62670 35064 38547 41412 25048 35115 33211 26806 21841 25569
0 0 0 0 0 0 0 0 0 0 0 0 0 0 0 0 0 0 0 0 0 0 0 0 0 0 0 0 0 0 0 0 0 0 0 0 0 0 22967 43552 22997 49459 54797 23612 36505 58379 24165 19004 7281 41525 34022 55713 37974 2396 57622 33709 50231 47192 27559 39663 64884 53325 29162 41178
0 0 0 0 0 0 0 0 0 0 0 0 0 0 0 0 0 0 0 0 0 0 0 0 0 0 0 0 0 0 0 0 0 0 0 0 0 0 44965 47862 59220 18437 32224 4643 19562 28558 17505 7333 29205 33466 51983 20879 4142 53763 28208 51073 25296 20405 20996 57909 43 18813 5337 17415
0 0 0 0 0 0 0 0 0 0 0 0 0 0 0 0 0 0 0 0 0 0 0 0 0 0 0 0 0 0 0 0 0 0 0 0 0 0 2598 57387 24295 33335 62529 36110 49192 7582 8144 18511 41210 21965 27237 47530 6872 55420 37588 42024 59615 27862 51275 36201 17827 8967 64344 38789
0 0 0 0 0 0 0 0 0 0 0 0 0 0 0 0 0 0 0 0 0 0 0 0 0 0 0 0 0 0 0 0 0 0 0 0 0 0 10624 4559 55320 64438 24941 18731 10444 37283 39062 62855 58763 60162 52873 42508 2349 35902 20755 8863 37038 23168 52488 24103 5791 22558 22434 25066
0 0 0 0 0 0 0 0 0 0 0 0 0 0 0 0 0 0 0 0 0 0 0 0 0 0 0 0 0 0 0 0 0 0 0 0 0 1 2151 9004 54492 12297 5427 5840 63441 30135 42867 4628 3046 4578 27729 34439 54453 62014 56586 61756 40452 44351 41726 20766 16380 9531 59598 56039
0 0 0 0 0 0 0 0 0 0 0 0 0 0 0 0 0 0 0 0 0 0 0 0 0 0 0 0 0 0 0 0 0 0 0 0 0 0 58105 59568 60023 22796 5707 58561 15995 35481 12160 24437 48594 46968 15220 39216 61087 12819 3627 37852 60348 50291 51074 13103 50993 47735 41891 277
0 0 0 0 0 0 0 0 0 0 0 0 0 0 0 0 0 0 0 0 0 0 0 0 0 0 0 0 0 0 0 0 0 0 0 0 0 0 54967 43903 46352 21815 18540 30258 7603 53968 48794 22450 34111 4397 49181 19852 27516 61453 26956 62442 44817 19731 3074 16325 29406 21947 19450 40772
0 0 0 0 0 0 0 0 0 0 0 0 0 0 0 0 0 0 0 0 0 0 0 0 0 0 0 0 0 0 0 0 0 0 0 0 0 0 1507 56060 16109 10963 40570 38369 60451 9100 621 36111 63235 63941 57899 17779 55439 24357 11125 36062 29294 45966 15803 5818 20681 6542 30360 25927
0 0 0 0 0 0 0 0 0 0 0 0 0 0 0 0 0 0 0 0 0 0 0 0 0 0 0 0 0 0 0 0 0 0 0 0 0 0 6212 24323 16938 43356 29906 56374 45215 55404 60329 10003 62008 386 41108 17953 9979 7861 57028 2940 29867 50721 20201 2359 43520 16453 17011 41639
0 0 0 0 0 0 0 0 0 0 0 0 0 0 0 0 0 0 0 0 0 0 0 0 0 0 0 0 0 0 0 0 0 0 0 0 0 0 15564 63010 54473 22729 11786 13676 26816 5571 29368 63778 52484 33476 55898 12327 48818 32239 43381 61764 20610 2509 51091 12257 59129 49653 26652 57039
0 0 0 0 0 0 0 0 0 0 0 0 0 0 0 0 0 0 0 0 0 0 0 0 0 0 0 0 0 0 0 0 0 0 0 0 0 0 251 48284 17989 21516 62410 5167 44116 6005 57735 62935 60044 52748 35976 40387 4236 8999 48429 29635 43803 61764 49755 4588 48367 49904 43473 56107
0 0 0 0 0 0 0 0 0 0 0 0 0 0 0 0 0 0 0 0 0 0 0 0 0 0 0 0 0 0 0 0 0 0 0 0 0 0 3001 8718 18468 17076 15543 32793 457 2530 35195 19458 38961 28710 38236 36060 38978 25696 65517 4428 57413 12260 30061 51444 52723 44003 21307 45642
0 0 0 0 0 0 0 0 0 0 0 0 0 0 0 0 0 0 0 0 0 0 0 0 0 0 0 0 0 0 0 0 0 0 0 0 0 0 41246 64425 10378 47913 42322 58203 49922 62523 1515 65056 21587 10520 17611 9622 62587 3874 59134 62744 1847 6285 26115 26182 44555 23117 15073 34179
0 0 0 0 0 0 0 0 0 0 0 0 0 0 0 0 0 0 0 0 0 0 0 0 0 0 0 0 0 0 0 0 0 0 0 0 0 0 49413 55384 52288 55371 24363 64222 2908 36906 8220 35915 41245 48073 8193 17039 33415 39492 65491 37636 39758 20427 21258 18476 22197 36763 2229 55654
0 0 0 0 0 0 0 0 0 0 0 0 0 0 0 0 0 0 0 0 0 0 0 0 0 0 0 0 0 0 0 0 0 0 0 0 0 0 2542 58038 53804 42786 56565 15995 48302 19192 59834 13592 59657 41696 65245 19787 63905 17838 2215 36050 33235 54918 60890 51478 6935 59661 23077 54094
0 0 0 0 0 0 0 0 0 0 0 0 0 0 0 0 0 0 0 0 0 0 0 0 0 0 0 0 0 0 0 0 0 0 0 0 0 0 48853 57722 11190 11927 41810 52207 64066 27833 11000 7907 57627 175 21619 19816 43402 16388 9388 13183 47585 38634 12452 30059 9458 59889 55751 22345
0 0 0 0 0 0 0 0 0 0 0 0 0 0 0 0 0 0 0 0 0 0 0 0 0 0 0 0 0 0 0 0 0 0 0 0 0 0 40933 40478 61692 5276 6909 64647 20676 47052 10805 13428 49790 16365 39868 41367 47951 54529 23887 50124 55548 20516 39173 36056 13178 52281 27336 31363
0 0 0 0 0 0 0 0 0 0 0 0 0 0 0 0 0 0 0 0 0 0 0 0 0 0 0 0 0 0 0 0 0 0 0 0 0 0 17028 24164 10266 40175 2229 36506 31940 36638 65186 12345 10196 28157 44601 15793 47113 36361 27350 41176 6189 31484 56327 49639 26751 42268 12798 61595
0 0 0 0 0 0 0 0 0 0 0 0 0 0 0 0 0 0 0 0 0 0 0 0 0 0 0 0 0 0 0 0 0 0 0 0 0 0 1492 41473 29796 65483 17964 2000 30600 12575 64484 29643 17885 60570 33387 205 6278 44992 33369 37347 51237 15198 23898 49966 5345 32664 61131 24862
0 0 0 0 0 0 0 0 0 0 0 0 0 0 0 0 0 0 0 0 0 0 0 0 0 0 0 0 0 0 0 0 0 0 0 0 0 0 45248 13946 49941 35747 19756 5433 47708 61668 19840 47982 12432 64869 39967 9360 52366 8511 12891 65295 23404 20054 13021 21628 50524 10027 50127 37169
0 0 0 0 0 0 0 0 0 0 0 0 0 0 0 0 0 0 0 0 0 0 0 0 0 0 0 0 0 0 0 0 0 0 0 0 0 0 60197 38558 34341 8458 33827 27578 10323 38937 15039 36746 42940 39989 38321 15054 39935 38244 41094 24886 31585 56444 43981 47379 25736 27695 38441 1911
0 0 0 0 0 0 0 0 0 0 0 0 0 0 0 0 0 0 0 0 0 0 0 0 0 0 0 0 0 0 0 0 0 0 0 0 0 0 15524 65454 16176 16172 752 43707 36784 55359 26770 28894 9486 50661 59980 12898 38636 61260 59163 9835 62037 12100 45211 62887 30546 44082 28321 2603
0 0 0 0 0 0 0 0 0 0 0 0 0 0 0 0 0 0 0 0 0 0 0 0 0 0 0 0 0 0 0 0 0 0 0 0 0 0 26052 34680 61216 32419 57174 24482 61552 61679 3595 33311 27697 9173 46608 48386 26328 9041 12917 9190 52772 56500 49798 31857 62292 49611 32020 7220
0 0 0 0 0 0 0 0 0 0 0 0 0 0 0 0 0 0 0 0 0 0 0 0 0 0 0 0 0 0 0 0 0 0 0 0 0 0 28017 43485 36629 25645 7565 2429 29336 44025 37874 42545 5402 27971 37914 33631 42091 3571 43006 50289 53685 18152 52677 30795 58687 65263 20630 1012
0 0 0 0 0 0 0 0 0 0 0 0 0 0 0 0 0 0 0 0 0 0 0 0 0 0 0 0 0 0 0 0 0 0 0 0 0 0 30554 55667 8014 14467 20033 14109 29417 34145 19520 53860 48113 55167 31893 58328 5436 49519 53832 56801 54433 52495 22012 16132 40430 16782 43377 52558
0 0 0 0 0 0 0 0 0 0 0 0 0 0 0 0 0 0 0 0 0 0 0 0 0 0 0 0 0 0 0 0 0 0 0 0 0 0 43230 739 4658 50655 38670 39513 30966 27522 63410 25764 46538 50817 62197 39186 4468 15339 61616 19654 35469 6341 52818 35580 22723 42666 64147 26405
0 0 0 0 0 0 0 0 0 0 0 0 0 0 0 0 0 0 0 0 0 0 0 0 0 0 0 0 0 0 0 0 0 0 0 0 0 0 3180 40214 24948 20524 7313 16387 44823 23110 54071 47351 21732 54394 54624 38829 57888 62134 13624 56138 10801 47768 39881 35870 49205 15446 63274 59532
0 0 0 0 0 0 0 0 0 0 0 0 0 0 0 0 0 0 0 0 0 0 0 0 0 0 0 0 0 0 0 0 0 0 0 0 0 0 4149 58422 56594 48385 28326 60380 15955 10209 58123 26352 57535 60012 59707 43442 6980 3669 6624 38566 57130 11578 58266 14291 26401 29542 49690 47934
0 0 0 0 0 0 0 0 0 0 0 0 0 0 0 0 0 0 0 0 0 0 0 0 0 0 0 0 0 0 0 0 0 0 0 0 0 0 32946 55211 7923 36906 12138 43945 29371 49964 7581 35794 3563 33192 2933 41296 52554 26307 63423 53746 65194 32179 44512 34373 6460 36386 7884 48459
0 0 0 0 0 0 0 0 0 0 0 0 0 0 0 0 0 0 0 0 0 0 0 0 0 0 0 0 0 0 0 0 0 0 0 0 0 0 59564 17661 57908 14557 31652 19052 3265 26929 738 21479 6116 45653 1748 17057 41671 34619 65332 16032 15168 27910 18259 55725 55800 14949 14356 5865
0 0 0 0 0 0 0 0 0 0 0 0 0 0 0 0 0 0 0 0 0 0 0 0 0 0 0 0 0 0 0 0 0 0 0 0 0 0 39131 53283 4591 60409 17358 47933 58456 23252 23542 25572 37431 47996 42274 58264 40644 2445 35438 63317 12314 22852 37548 60905 59724 25499 6179 57585
0 0 0 0 0 0 0 0 0 0 0 0 0 0 0 0 0 0 0 0 0 0 0 0 0 0 0 0 0 0 0 0 0 0 0 0 0 0 41632 1474 47132 36972 19045 32187 3579 41680 13676 48129 20720 47821 51939 16063 48858 1207 23011 26193 51945 50220 42511 45235 29591 16606 2197 61636
0 0 0 0 0 0 0 0 0 0 0 0 0 0 0 0 0 0 0 0 0 0 0 0 0 0 0 0 0 0 0 0 0 0 0 0 0 0 35689 9448 14748 60609 55195 9229 56848 13860 5402 31056 25249 3718 22740 34270 10748 55298 18482 28577 47572 60913 46351 23983 1278 41785 44101 706
0 0 0 0 0 0 0 0 0 0 0 0 0 0 0 0 0 0 0 0 0 0 0 0 0 0 0 0 0 0 0 0 0 0 0 0 0 0 5991 1601 29581 7914 23485 56343 29219 63795 52392 4140 63064 23384 34772 50947 21189 14481 23677 61063 24221 43312 8378 13035 22335 24942 27410 63727
0 0 0 0 0 0 0 0 0 0 0 0 0 0 0 0 0 0 0 0 0 0 0 0 0 0 0 0 0 0 0 0 0 0 0 0 0 0 4503 16961 39662 61116 63339 5039 20014 46618 5478 50997 25991 55473 18351 13026 65280 52665 29840 16563 23742 18210 7592 35841 35942 50813 31464 26242
0 0 0 0 0 0 0 0 0 0 0 0 0 0 0 0 0 0 0 0 0 0 0 0 0 0 0 0 0 0 0 0 0 0 0 0 0 0 30345 22355 17535 2883 47432 64480 52244 56032 1205 1701 50217 22870 33489 63086 44805 20827 33055 52984 25879 43718 63214 38850 62203 10864 21209 23901
0 0 0 0 0 0 0 0 0 0 0 0 0 0 0 0 0 0 0 0 0 0 0 0 0 0 0 0 0 0 0 0 0 0 0 0 0 0 48211 56764 64243 34676 24886 19546 55475 54973 30618 9074 46843 42840 9655 30446 3853 27111 46634 46622 26607 43289 61373 47632 55071 59523 5648 40588
0 0 0 0 0 0 0 0 0 0 0 0 0 0 0 0 0 0 0 0 0 0 0 0 0 0 0 0 0 0 0 0 0 0 0 0 0 0 61235 50835 6671 39766 26761 34189 4870 36808 23241 32851 43089 9766 11212 55011 22662 17619 59081 34854 38947 30386 53856 17285 37776 31004 15984 32119
0 0 0 0 0 0 0 0 0 0 0 0 0 0 0 0 0 0 0 0 0 0 0 0 0 0 0 0 0 0 0 0 0 0 0 0 0 0 34701 47203 9290 5791 64434 48669 12644 57838 61695 50535 5309 28352 58222 57340 64882 26868 50512 61761 34181 18568 8087 59134 19949 60862 5367 61666
0 0 0 0 0 0 0 0 0 0 0 0 0 0 0 0 0 0 0 0 0 0 0 0 0 0 0 0 0 0 0 0 0 0 0 0 0 1 1799 6256 54477 25670 47800 42397 44405 62641 48611 6002 47997 12388 24080 16161 54296 48613 34690 48405 841 25521 43781 56836 15500 46622 29068 47106
0 0 0 0 0 0 0 0 0 0 0 0 0 0 0 0 0 0 0 0 0 0 0 0 0 0 0 0 0 0 0 0 0 0 0 0 0 0 53108 8904 53526 52993 16821 51173 23593 4515 445 20315 44842 59000 61787 42213 30605 57313 34815 34320 64103 1497 36379 36930 58666 19074 1186 54145
0 0 0 0 0 0 0 0 0 0 0 0 0 0 0 0 0 0 0 0 0 0 0 0 0 0 0 0 0 0 0 0 0 0 0 0 0 1 3438 37634 44185 42050 35367 14106 21949 2785 49717 48039 540 57920 46421 18284 27001 5577 43410 25724 42305 25264 58874 12227 47676 45107 34269 47043
0 0 0 0 0 0 0 0 0 0 0 0 0 0 0 0 0 0 0 0 0 0 0 0 0 0 0 0 0 0 0 0 0 0 0 0 0 1 382 1445 18051 32117 50982 18062 12092 24540 51862 52784 19304 59921 30640 43281 8469 50834 17713 8343 62595 54972 55118 58007 14096 8426 35739 58317
0 0 0 0 0 0 0 0 0 0 0 0 0 0 0 0 0 0 0 0 0 0 0 0 0 0 0 0 0 0 0 0 0 0 0 0 0 1 8893 3843 55786 1193 39258 56223 64602 30242 16206 8455 32357 53123 56123 16386 13235 16618 17793 22479 30927 48856 61645 38450 4785 52622 44294 3894
0 0 0 0 0 0 0 0 0 0 0 0 0 0 0 0 0 0 0 0 0 0 0 0 0 0 0 0 0 0 0 0 0 0 0 0 0 0 46326 64212 11999 8071 26616 30135 20544 60445 18766 56602 48661 30045 12772 20705 44204 58117 27394 6808 23367 25857 51245 34997 39258 39875 50603 53027
0 0 0 0 0 0 0 0 0 0 0 0 0 0 0 0 0 0 0 0 0 0 0 0 0 0 0 0 0 0 0 0 0 0 0 0 0 1 3426 25978 21817 120 65121 39413 46014 59411 53873 36692 27864 6417 21263 40086 12804 37931 21406 54453 51156 5392 63756 60355 20213 2733 34093 45994
